2 5 16 12 1 14 7 4 3 8 6 10 13 9 11 15
3 6 9 15 12 5 8 10 4 11 13 2 1 16 7 14
4 1 14 13 3 11 15 6 12 9 7 16 10 5 8 2
8 10 11 7 9 16 2 13 15 5 1 14 4 12 6 3
5 2 3 8 7 12 14 9 10 13 15 4 6 1 16 11
10 11 15 4 13 1 16 5 2 12 3 6 8 7 14 9
13 12 1 14 8 10 6 11 7 16 9 5 3 2 15 4
16 9 7 6 2 15 4 3 1 14 11 8 12 13 5 10
7 4 6 11 14 8 1 15 5 2 16 12 9 3 10 13
15 16 5 10 6 9 11 2 13 1 14 3 7 8 4 12
14 3 12 1 10 7 13 16 8 15 4 9 5 11 2 6
9 8 13 2 5 4 3 12 6 7 10 11 15 14 1 16
1 14 10 9 4 2 12 7 11 6 5 13 16 15 3 8
11 13 8 5 15 3 10 14 16 4 12 7 2 6 9 1
12 15 4 16 11 6 5 8 9 3 2 1 14 10 13 7
6 7 2 3 16 13 9 1 14 10 8 15 11 4 12 5